0	888219 4574233
1	898805 4446768
2	888395 4441230
3	941033 4549461
4	891418 4561433
5	896253 4560862
6	771001 4497553
7	804379 4555369
8	891615 4539633
9	1020685 4555287
10	1133139 4648217
11	913981 4545825
12	1155785 4554941
13	1037816 4482601
14	1033841 4483687
15	840733 4516239
16	866443 4515042
17	925893 4547227
18	922108 4552013
19	790089 4437026
20	756750 4443842
21	769781 4456914
22	773504 4455800
23	788848 4471833
24	1070841 4545557
25	770161 4509789
26	772179 4511499
27	773191 4511080
28	772467 4510785
29	772144 4510718
30	772180 4510706
31	771376 4511015
32	771159 4511090
33	771837 4511211
34	898680 4555032
35	902925 4550054
36	902732 4548569
37	903010 4549973
38	903017 4549976
39	903285 4549196
40	783748 4492987
41	776956 4495154
42	999823 4555100
43	894599 4549823
44	895196 4549135
45	900695 4548695
46	899956 4547890
47	862246 4544297
48	862132 4544219
49	1036420 4531716
50	1024070 4554345
51	1020068 4562858
52	1031825 4553494
53	1131647 4449881
54	758626 4505064
55	765979 4504726
56	1020135 4552862
57	914201 4520566
58	915409 4525794
59	944943 4551298
60	1048161 4530132
61	950072 4557829
62	941731 4585346
63	909042 4551693
64	906737 4542485
65	909347 4543422
66	906447 4499774
67	774193 4514064
68	773536 4513662
69	771215 4511775
70	928759 4578825
71	939110 4554894
72	1131332 4450629
73	1135376 4449710
74	1141679 4463800
75	912836 4545391
76	880833 4564961
77	891882 4560863
78	1132468 4450243
79	1071315 4545761
80	758629 4507652
81	940470 4563612
82	1134915 4451222
83	916810 4549618
84	842004 4510268
85	939755 4585735
86	888642 4565071
87	923933 4562034
88	920856 4560839
89	1134711 4439316
90	1094932 4420125
91	1095594 4418717
92	921660 4552213
93	1121898 4382398
94	883714 4473512
95	775162 4511391
96	937384 4552976
97	912169 4546077
98	894618 4561286
99	1133743 4448869
100	890748 4563804
101	891129 4571989
102	761437 4502499
103	914196 4520497
104	913888 4545806
105	763392 4505499
106	911757 4551459
107	1137088 4455704
108	899329 4547652
109	763518 4513533
110	1147122 4450845
111	929383 4570379
112	776764 4514148
113	795150 4481197
114	1028921 4481662
115	860540 4571960
116	1015617 4551536
117	901205 4548540
118	902367 4550316
119	894680 4442105
120	932963 4563206
121	937486 4553221
122	794907 4453354
123	1129371 4468020
124	866210 4589633
125	1148562 4444032
126	776291 4496950
127	775330 4493085
128	1031952 4478886
129	892968 4441680
130	896609 4439311
131	893439 4440666
132	1130458 4333175
133	1123015 4322954
134	800268 4552830
135	971342 4543164
136	914951 4551884
137	767856 4506969
138	1006143 4541702
139	901217 4452946
140	892264 4448701
141	891295 4471409
142	763296 4502435
143	761647 4502198
144	773901 4503902
145	747265 4451410
146	858358 4489885
147	865353 4462753
148	852713 4474975
149	852593 4474941
150	885628 4489798
151	900867 4498403
152	899054 4499460
153	924628 4547631
154	1047176 4539199
155	788313 4449682
156	754816 4494780
157	978189 4537757
158	972307 4540455
159	971323 4543428
160	981091 4524306
161	944709 4597900
162	1133573 4649745
163	1136888 4649783
164	1134555 4649632
165	1133871 4650369
166	1131942 4648615
167	1134443 4648125
168	911756 4551457
169	760959 4510141
170	788273 4538076
171	788256 4538074
172	799565 4538749
173	786797 4547057
174	806282 4554296
175	765276 4503730
176	972103 4513687
177	763722 4502834
178	763279 4502730
179	761795 4502292
180	768717 4502905
181	734553 4472939
182	1193588 4679986
183	888174 4490663
184	1033193 4480256
185	762828 4503279
186	892399 4442154
187	1122837 4322985
188	1068450 4390037
189	1033924 4366704
190	1040112 4369940
191	1040293 4371980
192	1035068 4362696
193	1253908 4197256
194	1253907 4197256
195	761116 4501261
196	1004003 4484782
197	1013428 4470847
198	1139394 4455390
199	1022048 4500979
200	789403 4519174
201	778412 4522047
202	777297 4538008
203	1139438 4448329
204	846812 4513079
205	1133304 4648849
206	1142577 4689765
207	1143419 4689654
208	1142670 4689848
209	1164712 4672360
210	1228401 4673374
211	1116324 4666719
212	1165979 4671409
213	1135460 4331903
214	1068296 4386898
215	1115267 4667627
216	1165814 4670698
217	1130743 4649808
218	1132500 4649554
219	1133524 4649090
220	1132827 4648654
221	1135929 4650260
222	1131312 4649168
223	753779 4438584
224	931379 4503993
225	765928 4464346
226	749342 4464265
227	1028614 4514094
228	1037170 4506831
229	1008752 4507326
230	756162 4506502
231	1077949 4662802
232	885582 4485372
233	1143419 4689654
234	1142667 4689845
235	1041111 4372878
236	792685 4469293
237	1116306 4666682
238	798743 4516654
239	1122584 4449577
240	1117427 4666677
241	1039979 4372008
242	1041778 4371482
243	1133367 4331925
244	1124375 4380047
245	995187 4561573
246	1301857 4380375
247	1060397 4295994
248	1034410 4358354
249	908147 4580454
250	890312 4440278
251	1038148 4371977
252	902387 4572261
253	924208 4543460
254	915458 4546982
255	927886 4551965
256	1133360 4647037
257	1165945 4671389
258	1077754 4662866
259	767548 4503869
260	901384 4572550
261	1131190 4451150
262	1132098 4451245
263	1165829 4670708
264	1165657 4671121
265	761685 4502178
266	1133900 4452060
267	867772 4553228
268	1106366 4389150
269	883183 4473350
270	1035399 4359175
271	823338 4490607
272	928953 4552170
273	1046170 4361411
274	1019203 4553843
275	1039034 4369354
276	1036502 4484880
277	911415 4552436
278	920669 4544386
279	767358 4504440
280	1141407 4446331
281	1141413 4446315
282	1062748 4470095
283	756150 4509834
284	771196 4454077
285	1135328 4449092
286	1032365 4480731
287	1040417 4371668
288	1131220 4452153
289	1034519 4354516
290	1032350 4354024
291	936510 4551631
292	1015203 4552770
293	994192 4558346
294	944666 4576217
295	943911 4579428
296	936510 4551631
297	1025048 4551110
298	921167 4576528
299	906780 4550302
300	1022978 4544570
301	1024344 4552667
302	1016513 4552956
303	1014502 4550341
304	900866 4556760
305	863807 4545764
306	929573 4550680
307	1142673 4689096
308	1227553 4673355
309	1132580 4451271
310	882695 4442443
311	937691 4515879
312	901651 4559676
313	1133676 4450508
314	1023772 4557522
315	890573 4440877
316	1014460 4551172
317	929596 4550684
318	1133811 4649514
319	1043206 4368112
320	1132677 4449640
321	1132846 4451014
322	770506 4437007
323	1022841 4492092
324	894926 4456891
325	892280 4441600
326	827657 4518524
327	912340 4553211
328	1165275 4671173
329	1104614 4536219
330	854993 4485893
331	890515 4569199
332	882648 4442548
333	880544 4487373
334	877311 4480461
335	768600 4479125
336	876354 4477558
337	998061 4556237
338	1011210 4402409
339	1017164 4553550
340	1013889 4583980
341	920570 4548931
342	997348 4557044
343	928870 4552148
344	872353 4564847
345	916535 4537489
346	871221 4562438
347	928000 4546255
348	921397 4551304
349	1134331 4450714
350	883990 4580831
351	871257 4562530
352	905327 4556449
353	914458 4518834
354	1281350 4386327
355	1220981 4350308
356	1225352 4337403
357	1268523 4326662
358	1223939 4346286
359	1234269 4308611
360	1224818 4346263
361	1289111 4390951
362	1177398 4324550
363	1177489 4324694
364	731985 4472539
365	732730 4472665
366	1043216 4368120
367	1198155 4325852
368	888467 4443367
369	890886 4444533
370	1040030 4372078
371	766791 4503432
372	919858 4562328
373	756867 4509089
374	905746 4566104
375	1258932 4404782
376	1028708 4514169
377	844473 4512387
378	759722 4495774
379	890515 4569199
380	1217245 4355179
381	1104207 4543830
382	1104207 4543830
383	920703 4569248
384	1124375 4380047
385	1040030 4372073
386	1040168 4372283
387	1143653 4321299
388	1265554 4399929
389	1256951 4406782
390	1123227 4379341
391	768019 4506872
392	756107 4509837
393	1134261 4449488
394	1134261 4449488
395	1134261 4449488
396	878589 4476200
397	923231 4550298
398	1291554 4391247
399	856687 4547414
400	1013889 4583980
401	918592 4546542
402	918592 4546542
403	920002 4548698
404	933722 4553472
405	948743 4530675
406	1003980 4515052
407	912954 4547344
408	903926 4550931
409	914498 4548875
410	919847 4545889
411	918882 4546731
412	1134296 4450558
413	923724 4559240
414	934854 4557228
415	927125 4561025
416	932131 4560826
417	930784 4564793
418	948012 4553925
419	916550 4545461
420	926878 4586204
421	920040 4570123
422	938477 4555146
423	902759 4491068
